-0.80408692
-0.63708497
-0.6114502
-1.1620752
-0.60307129
-1.0060791
-0.61428222
-0.97561038
-0.59621583
-0.80004395
-0.57002443
-0.92145996
-1.0742236
-0.95536621
-0.62678223
-0.93314942
-0.82452637
-1.0716358
-0.95413574
-0.8899951
-0.96675292
-0.9961084
-0.93666505
-1.0527588
-1.1145264
-0.90683107
-0.6439795
-0.94870605
-0.9737549
-0.88836425
-0.89484861
-0.89058106
-0.98501466
-1.1993213
-1.1199756
-1.1702978
-0.88256349
-0.61064942
-0.90517089
-0.61359863
-0.98350098
-0.9155713
-0.86762208
-0.99234863
-0.64256349
