-0.99801266
-1.0012789
-1.0000971
-1.0014658
-1.0012885
-1.0002589
-1.0010644
-0.99938151
-1.0006249
-0.99819237
-0.99988556
-0.99949237
-1.0002843
-0.99938586
-1.0035387
-0.99944037
-0.99725567
-0.99958254
-1.0004089
-0.99954455
-1.0004008
-0.99981896
-1.0001861
-0.99914371
-1.0012046
-0.99848015
-1.0006687
-0.99796959
-0.99929362
-0.99918697
-0.99936416
-0.99940234
-1.0000877
-0.99875021
-0.99930787
-0.99915929
-0.9987882
-1.0023898
-0.99975534
-1.001286
-0.99765902
-0.99953192
-0.99848399
-0.99880769
-1.0022094
