-0.87697265
-0.98557616
-1.0108984
-0.58954102
-1.0107129
-0.71352538
-1.0029883
-0.73947263
-1.0188867
-0.87934569
-1.0432617
-0.78173827
-0.66203125
-0.75514648
-0.98110351
-0.77245116
-0.86534178
-0.66806638
-0.75171874
-0.80457031
-0.74084961
-0.72249022
-0.76483397
-0.68432616
-0.62720703
-0.79748045
-0.98364256
-0.76736327
-0.7426367
-0.80748047
-0.80183594
-0.8039746
-0.72899412
-0.57462889
-0.63166013
-0.59418945
-0.81341795
-0.99910155
-0.79196289
-1.0026953
-0.74340819
-0.78459959
-0.82633787
-0.73198241
-0.97624998
